column9	column10	column11	column12	column13	column14
10	245	81	100	78	97
13	246	14	53	0	36
18	96	1	47	39	84
21	144	4	70	4	77
22	5167	0	17	77	99
25	213	70	99	49	80
26	214	19	42	0	28
26	215	59	73	0	9
31	170	30	87	44	100
32	171	0	78	15	99
33	172	0	69	21	96
34	173	0	63	30	93
34	174	65	99	5	41
35	174	0	55	41	99
35	175	57	99	1	43
42	99	20	100	0	76
42	744	29	70	4	43
43	105	7	41	30	67
45	3536	0	55	6	61
47	203	5	67	10	90
53	3425	17	59	51	99
54	200	0	35	54	91
54	548	63	97	38	70
55	201	0	54	34	86
58	207	13	96	0	87
64	3140	35	73	11	48
65	573	21	96	0	73
67	575	15	55	0	40
70	577	4	31	0	49
70	577	43	53	90	100
71	579	1	68	5	100
72	581	16	65	2	70
77	636	18	39	44	73
82	115	55	99	32	83
82	621	72	99	0	23
83	615	56	99	52	96
83	621	0	38	23	62
84	616	4	60	0	52
84	618	58	96	51	94
93	587	0	29	66	99
93	588	29	50	0	21
102	590	60	98	59	100
103	591	2	64	0	57
104	592	0	24	60	84
107	730	27	85	1	74
108	731	0	58	34	99
108	732	9	72	21	83
110	736	12	60	3	66
113	734	37	68	26	59
118	510	3	95	0	98
118	512	57	99	13	48
119	511	0	62	2	95
119	514	8	18	0	10
120	4353	18	99	1	68
122	514	38	69	41	71
123	681	0	57	43	100
123	682	57	99	0	42
124	682	0	50	43	99
124	683	49	99	0	60
125	683	0	29	63	93
125	684	20	100	8	94
126	685	4	86	0	100
127	686	0	65	19	92
128	688	1	66	32	100
128	689	66	99	0	36
129	689	0	55	36	99
129	690	55	100	0	50
130	690	0	51	50	100
130	691	51	99	0	59
131	691	3	26	71	99
131	692	25	99	1	75
132	693	21	100	0	98
133	696	40	99	0	65
134	696	0	25	65	100
134	697	25	78	0	48
146	658	66	99	25	60
147	658	0	42	60	100
147	659	41	98	0	56
148	659	0	26	70	97
148	661	57	85	16	44
150	4084	0	40	55	99
153	751	21	61	50	100
154	752	0	61	42	99
157	745	23	58	0	33
157	5178	17	55	64	97
158	747	0	34	59	98
162	653	17	74	34	95
163	655	60	87	55	84
163	2429	56	66	0	10
164	656	59	74	83	99
164	656	6	24	0	12
164	2429	0	76	11	100
165	657	0	57	21	82
167	782	0	22	36	54
167	786	33	100	33	93
171	764	6	70	0	100
172	768	1	61	0	46
173	783	53	78	0	22
174	784	0	68	29	90
176	771	45	96	32	99
177	772	9	95	0	94
178	773	1	65	9	73
178	774	69	100	19	50
180	761	6	23	74	93
180	762	24	84	2	79
181	776	20	53	54	87
181	777	50	74	5	29
184	793	34	68	54	100
184	794	68	100	0	49
185	794	0	50	49	99
185	795	70	99	55	82
186	796	33	67	60	99
187	799	0	34	52	100
187	800	35	63	2	35
187	801	48	96	18	63
188	802	0	34	11	41
190	803	58	100	11	83
192	819	29	99	0	79
193	804	63	100	56	95
194	805	4	85	0	99
195	806	4	37	17	52
196	809	1	62	27	100
197	812	43	65	0	22
197	812	86	98	73	85
198	813	19	93	0	74
200	824	14	68	49	100
200	825	73	98	30	62
201	826	23	99	0	84
202	827	14	99	0	76
203	828	14	76	9	100
204	830	3	42	64	100
205	856	5	65	35	99
206	857	0	19	34	54
209	840	8	43	65	100
209	841	43	99	0	61
210	841	0	32	61	94
210	842	30	100	7	90
211	843	11	61	0	48
211	843	74	96	77	99
212	838	55	99	0	41
213	839	20	42	0	19
213	840	71	100	0	28
214	840	0	13	33	46
214	845	15	66	50	100
217	847	0	73	21	100
218	848	0	60	42	100
218	849	60	97	0	34
219	852	0	58	28	78
220	861	0	52	47	100
220	862	52	100	0	48
221	862	0	62	48	89
221	864	42	98	9	69
222	864	0	29	72	99
222	865	29	100	0	71
223	867	69	99	7	50
224	867	0	37	50	96
224	869	68	99	0	31
225	870	68	100	0	30
226	870	0	67	30	100
226	871	67	100	0	39
227	871	0	59	39	99
228	875	0	43	50	91
230	874	0	72	9	91
231	877	41	99	10	100
232	878	0	73	9	92
233	879	0	14	26	40
233	879	11	73	42	100
238	999	49	98	3	42
239	1000	29	100	0	71
240	1000	0	31	71	99
241	881	0	83	7	99
241	882	83	99	0	16
242	882	0	83	16	99
242	883	82	99	0	23
243	883	0	73	23	99
245	885	0	67	26	100
245	886	67	100	0	48
246	886	0	53	43	100
246	887	53	77	0	24
246	887	76	99	33	60
247	887	6	44	61	99
249	888	25	79	48	100
251	890	49	80	52	77
255	902	71	100	4	47
256	902	0	48	47	100
256	903	48	99	0	53
257	903	0	53	53	99
257	904	53	100	0	60
258	904	0	32	60	99
258	906	51	98	9	58
261	895	20	100	0	95
262	896	4	100	0	100
263	897	3	65	12	99
264	898	0	49	36	99
264	899	53	100	15	63
265	899	0	35	63	100
265	900	35	99	0	68
266	900	0	27	68	95
270	907	13	99	0	95
271	908	5	32	0	30
271	1033	34	98	16	100
272	1034	3	63	1	62
278	1019	0	59	42	99
278	1020	58	99	4	39
279	1020	0	40	39	94
279	1021	60	92	55	98
280	1023	35	97	0	67
281	1025	1	55	14	88
281	1026	55	99	1	70
282	1027	21	94	1	83
283	1028	0	77	5	99
283	1029	78	99	2	25
284	1029	0	47	25	100
285	1031	4	53	52	100
285	1032	53	82	0	28
287	1035	0	35	57	99
287	1036	35	100	1	70
288	1036	0	30	70	100
288	1037	30	68	0	31
293	1050	14	94	0	99
295	1052	32	52	80	94
295	1052	5	22	24	45
296	1054	16	92	6	99
300	909	0	78	28	99
300	910	78	95	0	17
301	910	0	39	18	54
302	913	0	46	27	73
302	914	50	100	0	48
303	915	53	79	78	99
304	916	2	26	64	84
304	917	32	100	32	98
305	919	19	73	39	100
305	920	73	99	0	26
306	920	0	51	26	72
306	922	57	79	78	100
306	923	79	90	0	11
307	923	18	88	32	95
309	943	86	99	71	84
309	4935	4	46	19	63
310	943	0	16	84	100
310	944	16	99	0	88
311	945	10	61	0	61
312	947	1	80	0	100
312	948	80	100	0	20
313	948	0	32	20	70
314	953	0	76	5	99
314	954	76	100	0	28
316	955	0	38	57	99
316	956	38	98	0	60
317	956	2	28	62	92
318	958	8	94	0	91
319	959	0	84	8	97
320	960	0	39	55	100
320	973	74	100	3	28
321	974	38	99	0	91
323	980	49	91	7	44
324	981	2	51	46	93
325	986	57	100	0	76
326	987	12	73	37	99
327	988	0	46	53	99
327	989	46	98	5	65
328	989	0	27	67	100
328	990	27	89	0	100
329	992	11	89	1	100
330	997	35	92	33	100
332	1005	0	91	12	97
333	1008	10	98	0	92
334	1009	2	94	0	97
335	1011	0	57	44	99
336	1013	29	74	41	86
336	1013	9	20	1	13
337	1014	0	62	36	100
340	1064	65	100	14	57
341	1066	42	99	30	88
342	1066	0	12	88	100
342	1067	11	85	0	99
342	1068	85	100	0	15
343	1068	0	69	18	100
343	1069	69	95	0	34
344	1069	0	42	42	99
344	1070	44	99	25	88
345	1071	2	70	0	100
345	1072	70	99	0	59
346	1072	0	29	59	89
348	1076	33	85	44	98
349	1077	0	52	18	99
349	1078	50	89	53	100
350	1080	10	90	9	100
351	1081	0	84	9	97
352	1083	0	54	44	99
352	1085	77	95	19	36
353	1087	0	35	14	49
353	1089	39	100	4	70
354	1089	0	17	70	99
354	1090	21	65	2	62
354	1092	78	99	0	32
355	1092	0	55	34	90
355	1094	72	100	3	26
356	1094	0	15	26	41
356	1094	21	52	40	99
357	1095	1	30	69	100
357	1096	47	78	69	99
358	1103	19	61	32	71
358	1104	22	52	1	35
359	1105	0	64	37	99
362	1111	15	95	0	88
364	1108	37	86	38	96
365	1112	0	41	28	70
366	1116	21	80	6	66
367	1119	50	88	2	45
368	1111	68	99	0	31
370	1122	29	57	58	90
370	1123	56	79	21	42
373	1120	21	95	0	98
375	1126	2	56	40	100
376	1127	0	46	49	99
376	1128	12	29	2	21
376	1128	62	99	31	68
377	1128	0	25	73	100
377	1129	25	99	0	79
378	1129	0	21	79	100
378	1130	21	98	0	90
385	1133	0	61	39	100
385	1134	61	80	0	19
386	1135	6	66	0	91
387	1138	3	45	36	87
387	1139	46	63	0	17
387	1139	74	99	59	76
388	1140	7	55	47	99
388	1141	55	100	0	40
389	1141	0	21	40	62
389	1141	18	36	63	100
389	1142	36	99	0	68
390	1142	0	12	68	80
390	1144	35	100	0	63
391	1144	0	32	63	99
391	1145	32	99	4	68
392	1145	0	22	68	99
394	1146	23	59	62	100
394	1147	59	97	0	46
395	1147	2	36	46	80
397	1161	57	67	0	10
397	1162	73	100	9	34
398	1162	0	73	34	95
399	1152	23	49	77	99
400	1153	0	13	87	100
400	1154	13	62	0	54
402	1157	56	99	8	60
403	1176	52	99	7	55
404	1177	36	99	0	85
405	1178	16	100	0	83
406	1179	20	99	0	74
407	1179	0	26	74	100
414	1174	1	36	11	44
416	1164	0	50	35	88
417	1170	31	92	2	67
419	1181	1	48	45	82
419	1182	0	48	25	70
419	1184	47	100	3	63
420	1184	0	35	63	100
420	1185	35	100	0	64
422	1189	37	60	0	24
426	1191	1	57	1	59
433	1195	1	14	18	31
433	1195	23	57	63	100
433	1196	57	92	0	39
433	1197	84	99	46	60
434	1196	13	31	79	99
434	1197	28	64	0	77
434	1198	74	100	37	69
435	1199	27	99	0	82
436	1200	15	95	0	99
437	1201	1	70	13	99
437	1202	70	100	0	30
438	1202	0	56	30	100
438	1203	56	99	0	50
439	1204	21	56	63	100
439	1205	56	74	0	20
439	1206	84	100	0	16
440	1207	7	36	64	100
440	1208	36	55	0	21
442	1211	3	20	19	36
442	1212	38	99	0	67
443	1212	0	23	67	99
443	1213	6	46	17	59
443	1214	47	100	9	61
444	1214	0	28	61	95
445	1231	0	23	0	19
446	1237	9	21	0	12
446	1238	49	71	0	20
447	1239	5	98	3	90
448	1239	0	13	87	100
448	1240	13	96	0	94
449	1241	8	100	1	95
450	1243	19	59	5	43
451	1245	2	86	0	99
452	1246	0	77	21	99
453	1247	0	70	28	99
454	1248	0	43	52	100
454	1249	67	99	65	94
455	1250	5	100	0	95
459	1251	24	77	60	99
461	1252	0	55	42	99
461	1253	59	100	0	51
462	1253	0	26	51	77
463	1254	0	69	19	100
463	1255	69	100	0	36
464	1255	0	65	36	99
465	1269	33	77	54	100
465	1270	77	99	0	22
466	1270	0	28	22	52
466	1278	31	99	0	81
467	1279	13	100	0	98
468	1280	2	85	0	99
469	1281	0	83	21	87
470	1283	0	80	20	98
473	1288	1	16	8	23
474	1271	3	53	37	95
475	1273	15	87	3	93
476	1274	0	68	23	99
477	1275	0	60	38	100
477	1276	61	100	2	67
479	1290	31	99	0	66
479	1292	54	99	29	68
483	1296	50	99	14	65
484	1296	0	31	65	100
484	1297	31	100	2	75
485	1297	0	22	75	99
485	1298	22	100	0	79
486	1298	0	21	79	100
486	1299	21	46	0	29
486	1299	53	67	85	99
486	1300	67	93	0	28
487	1313	2	89	0	94
488	1311	6	63	43	100
488	1312	63	98	0	43
490	1321	1	67	11	100
491	1301	54	100	0	46
492	1301	3	57	45	99
492	1302	61	100	0	54
493	1302	0	55	54	100
493	1303	55	99	0	44
494	1303	0	66	44	99
494	1304	66	100	0	34
495	1304	3	67	33	90
495	1305	67	100	0	33
496	1305	0	58	33	99
496	1306	58	99	0	40
497	1306	0	61	40	99
497	1307	61	100	0	45
498	1307	0	50	45	100
498	1308	54	99	0	46
499	1309	44	99	0	58
500	1309	0	30	75	100
500	1310	30	99	0	71
501	1319	60	100	29	68
506	1323	30	94	20	89
507	1325	0	54	37	100
507	1326	54	100	0	60
509	1329	10	97	15	99
509	1353	21	39	82	99
509	1354	39	99	0	61
514	1331	47	78	0	37
514	1331	78	100	52	74
515	1332	8	29	5	36
516	1334	15	99	0	99
517	1335	0	57	1	56
517	1336	58	91	0	40
518	1337	1	74	0	98
519	1342	35	100	4	72
520	1342	0	12	72	84
520	1343	13	100	6	88
521	1344	11	66	0	98
521	1345	66	99	0	55
522	1345	0	36	55	99
522	1346	36	96	0	61
523	1347	58	72	81	98
524	1350	1	73	34	100
525	1351	0	63	29	99
526	1352	0	53	43	100
526	1353	53	100	0	47
527	1329	33	99	22	86
527	1353	0	55	47	99
528	1354	2	47	47	100
528	1355	47	94	0	55
529	1355	0	17	82	99
529	1356	17	99	0	81
530	1356	0	16	81	99
530	1357	16	67	0	60
530	1360	66	100	33	88
532	1367	59	82	0	19
535	1372	60	99	0	35
536	1372	0	65	35	100
536	1373	65	100	0	36
537	1374	67	99	0	31
538	1374	0	75	31	100
538	1375	75	97	0	20
539	1378	40	100	0	73
540	1378	0	25	73	100
541	1379	0	30	68	99
541	1380	30	100	0	66
542	1383	47	95	40	98
543	1384	2	44	0	41
545	1381	39	99	30	91
547	1387	35	99	34	98
548	1388	2	100	0	99
549	1389	0	81	0	78
551	1392	38	71	72	99
551	1393	71	97	0	23
552	1393	1	75	23	100
553	1401	0	28	75	99
554	1402	0	40	64	98
554	1403	41	87	22	65
555	1408	0	63	30	95
555	1409	65	100	45	86
556	1409	1	18	83	100
556	1411	56	99	4	46
557	1411	0	52	46	95
558	1396	18	100	2	61
560	1467	18	82	3	68
563	1394	48	81	66	98
565	1422	21	38	1	27
566	1424	0	45	13	58
566	1425	0	75	44	100
567	1441	0	62	31	100
567	1442	53	97	0	40
568	1442	2	54	41	99
568	1443	54	100	0	39
569	1443	0	56	39	100
570	3936	2	52	51	100
571	3937	0	48	50	96
571	3938	49	99	0	44
572	3938	0	42	53	99
572	3939	42	98	0	53
573	3943	47	97	1	78
574	3944	0	67	29	93
574	3946	69	100	31	63
575	3949	36	97	19	99
576	3951	74	95	0	24
577	3951	0	14	26	40
577	3957	54	75	2	27
578	3952	4	41	0	39
579	3957	42	99	2	56
582	3960	0	30	48	77
583	3973	0	79	15	97
584	3975	16	100	2	80
585	3976	41	86	55	92
586	3980	4	50	45	78
587	3983	20	97	19	88
588	3984	10	22	1	13
588	3996	37	99	37	99
589	3997	5	89	0	75
590	4001	26	52	29	54
591	4035	60	83	70	99
592	4037	16	30	5	20
592	4037	53	99	17	73
593	4038	26	89	31	100
595	4041	0	26	38	66
596	4049	0	16	19	35
596	4060	17	51	60	99
597	4062	0	60	37	100
597	4063	60	99	0	48
598	4070	42	100	6	61
599	4071	48	95	0	60
600	4077	9	65	46	99
601	4083	0	57	27	73
603	4102	14	65	48	99
603	4103	65	93	0	28
604	4110	31	60	72	97
605	3471	61	90	0	32
605	4111	5	41	32	65
605	4120	39	90	44	95
606	4123	40	81	41	78
607	4138	4	23	78	99
607	4139	24	99	15	82
608	4140	19	100	0	88
609	4141	10	30	0	22
609	4142	37	95	15	66
610	4142	0	24	76	100
610	4143	24	100	0	78
611	4144	25	100	0	74
612	4145	29	99	0	72
613	4145	0	28	72	100
614	4155	11	99	0	90
615	4198	23	100	14	82
616	4200	70	99	0	41
617	4200	0	28	41	69
620	4264	0	46	14	58
620	4272	46	91	27	80
621	4296	3	47	1	41
621	4332	44	100	34	86
623	4337	0	44	45	85
623	4338	40	99	1	64
624	4338	0	37	64	99
625	4341	0	41	58	99
625	4342	41	100	0	64
626	4342	0	34	64	100
626	4343	30	99	3	70
627	4343	0	27	70	99
627	4344	27	99	0	75
629	4346	0	30	11	38
630	4353	0	31	54	85
630	4386	67	98	0	27
631	4386	3	70	24	95
632	4385	0	34	21	57
633	4420	76	98	0	18
634	4421	34	73	63	99
634	4421	6	22	0	16
634	4422	73	89	0	20
635	4423	2	24	75	100
637	4433	2	74	30	99
639	4442	39	51	0	12
640	4442	3	25	63	80
640	4443	35	60	70	100
640	4444	60	85	0	30
641	4445	4	61	43	98
642	4447	0	27	49	77
642	4465	29	71	10	57
643	4466	0	14	58	72
643	4468	21	58	0	37
643	4469	59	100	38	79
644	4472	16	64	56	100
644	4473	64	76	0	12
644	4473	83	99	67	79
645	4474	14	30	0	17
645	4477	66	100	12	41
646	4477	0	41	41	83
647	4497	60	99	13	58
649	4518	9	41	36	69
650	4525	73	99	0	22
651	4525	0	17	22	41
651	4526	45	100	1	63
652	4526	0	44	63	100
652	4527	61	71	90	100
652	4528	70	99	12	42
653	4528	0	60	42	99
653	4529	60	80	0	20
653	4529	79	100	26	53
654	4530	38	100	0	63
655	4532	6	52	0	42
655	4544	53	99	43	85
656	4544	0	15	85	100
656	4545	15	68	0	60
657	4555	4	46	58	100
657	4556	46	98	0	44
658	4561	25	55	0	32
659	4600	28	47	0	28
659	4601	49	72	3	26
659	4601	76	98	63	85
660	4606	25	84	11	71
661	4610	14	69	48	97
661	4611	69	99	3	29
662	4611	0	58	29	83
662	4612	60	100	32	75
663	4613	22	99	0	82
665	4625	0	33	12	46
665	4635	46	100	0	57
666	4634	16	81	2	63
667	4658	21	86	35	99
669	4741	15	59	0	43
670	4747	67	100	66	92
671	4749	11	40	72	96
671	4753	61	98	0	34
672	4782	59	88	71	99
672	4783	88	99	0	11
673	4783	1	95	17	100
674	4784	0	70	5	86
676	4788	0	87	0	100
677	4791	6	42	64	99
677	4792	35	74	2	41
678	4799	57	90	0	33
679	4801	1	45	37	94
679	4811	46	82	50	91
681	4827	11	57	45	91
682	4980	0	47	35	81
682	4980	64	76	86	97
684	4986	41	77	21	57
685	4987	0	39	53	91
685	4990	45	95	32	83
686	4991	0	27	27	57
687	4999	69	99	3	33
688	5020	35	91	38	100
689	5022	4	100	2	88
690	268	32	64	64	95
691	270	0	34	62	94
691	271	28	78	30	72
692	274	35	70	46	80
695	284	52	92	28	67
696	285	0	76	10	95
697	286	5	30	56	77
698	289	0	40	1	39
698	289	50	75	72	95
700	295	71	94	0	22
701	301	68	98	0	28
704	312	32	69	26	60
704	313	66	87	44	63
705	315	27	44	0	13
705	316	52	75	10	34
705	317	74	96	17	41
706	318	16	74	30	86
708	323	0	78	14	80
709	319	2	49	39	100
709	320	49	87	0	30
710	325	16	62	41	84
711	329	9	44	6	35
712	330	2	46	57	99
715	337	0	29	3	24
727	1404	9	52	29	95
732	1444	50	60	0	12
732	1444	66	99	35	73
733	1444	0	26	73	99
734	1446	0	36	55	99
734	1447	36	99	0	78
735	1448	16	46	0	33
736	1462	3	82	24	100
737	1468	21	84	0	59
738	1465	1	18	78	99
739	1473	48	92	0	43
750	1557	55	74	78	98
751	1558	4	64	35	99
751	1559	64	99	0	41
759	1595	0	27	73	97
764	1599	12	39	49	70
766	1650	0	67	16	99
767	1651	1	33	21	46
767	1651	44	60	82	100
768	1652	0	56	42	99
771	1677	46	99	8	68
773	1791	21	41	79	100
778	1684	54	100	17	81
779	1684	0	18	81	99
779	1685	18	99	0	75
780	1686	16	96	0	98
789	1802	1	65	40	99
790	1803	7	57	33	100
790	1804	57	99	0	40
793	1821	25	42	79	99
802	1575	61	100	16	60
803	1575	0	25	60	99
803	1576	25	99	1	82
804	1576	0	16	82	99
804	1577	16	51	2	35
804	1580	68	100	0	33
806	1584	21	100	0	84
807	1584	0	16	84	100
808	1586	9	84	18	100
809	1587	0	84	15	100
809	1588	84	100	0	16
810	1588	0	47	17	81
810	1601	46	81	23	61
812	1604	0	37	16	51
812	1604	39	50	88	99
812	1605	51	70	80	99
812	1606	70	96	0	23
813	1607	56	99	29	68
814	1607	0	27	68	99
814	1611	63	98	54	95
815	1612	5	56	0	35
815	1614	54	100	0	57
816	1616	45	99	32	85
817	1616	0	13	85	98
817	1617	24	95	41	100
817	1618	67	90	6	30
818	1618	9	82	32	98
819	1619	5	69	39	100
820	1621	7	92	20	100
822	1623	0	35	68	100
822	1624	44	85	60	99
824	1627	7	99	0	97
825	1631	30	94	9	99
826	1632	2	32	75	100
826	1633	32	43	0	11
826	1633	54	67	62	75
829	1641	6	45	38	74
829	1645	61	92	0	27
830	1645	0	69	30	100
830	1646	71	100	0	27
831	1646	0	86	27	99
833	1661	0	37	30	69
834	1657	76	100	0	26
835	1660	68	99	11	38
839	1667	0	41	26	70
839	1671	57	100	2	45
840	1671	3	59	44	100
840	1672	59	99	0	40
841	1672	6	31	69	99
841	1673	30	100	0	67
842	1673	1	29	70	100
842	1682	40	96	0	60
843	1682	0	41	59	99
844	1687	0	37	34	67
844	1689	53	64	0	11
844	1689	78	99	74	95
845	1691	38	86	0	34
846	1691	3	45	58	97
846	1693	61	95	0	29
847	1693	0	32	67	98
848	1700	2	88	0	87
849	1701	5	47	63	100
849	1702	47	94	0	68
850	1706	30	57	77	100
850	1707	57	75	0	18
853	1708	32	100	21	97
854	1709	19	73	35	100
855	1713	49	97	33	68
856	1713	0	25	71	99
857	1715	4	59	0	84
857	1720	71	100	51	93
858	1721	6	39	0	56
858	1722	42	99	3	68
859	1723	10	75	3	100
860	1724	1	55	20	100
860	1725	57	100	2	49
861	1725	11	26	84	99
862	1727	6	87	0	97
862	1728	88	100	21	33
863	1733	65	99	31	68
864	1734	25	80	9	74
865	1735	0	26	31	49
865	1736	42	56	0	16
866	1737	0	32	39	79
866	1738	36	99	0	64
867	1739	31	65	0	36
868	1747	40	62	13	35
868	1748	64	99	36	72
869	1749	21	90	0	73
870	1750	0	12	84	97
870	1751	13	44	0	34
870	1752	41	65	79	100
871	1756	1	36	57	100
872	1762	11	22	6	17
872	1762	32	42	85	96
873	1774	0	58	39	92
873	1780	46	99	28	94
875	1782	8	81	32	98
875	1783	82	99	14	31
877	1786	30	99	0	62
878	1787	37	60	1	25
878	1787	71	100	64	89
879	1787	0	10	89	99
879	1788	10	99	0	83
880	1789	10	61	0	48
883	1789	42	85	66	100
883	1797	10	40	66	99
885	1791	47	99	7	90
888	1825	22	100	7	87
890	1826	0	20	78	100
890	1827	20	91	0	72
892	1815	71	100	26	53
893	1815	4	22	53	74
911	1052	0	50	35	95
917	1838	39	98	0	71
919	1841	7	77	4	100
919	1842	77	98	0	24
921	1833	0	20	34	55
921	1833	19	54	63	100
921	1834	82	99	75	89
923	1844	53	85	30	68
926	1854	0	12	16	28
926	1854	89	99	41	50
927	1854	0	10	50	64
927	1854	8	35	75	93
927	1855	34	100	1	69
930	1857	1	22	78	98
931	1861	6	17	31	42
931	1861	64	85	83	100
931	1862	85	100	0	19
931	1874	25	52	0	26
931	2187	18	52	50	83
932	1862	0	60	19	99
933	1863	0	73	31	100
933	1864	73	99	0	23
935	1867	80	100	2	37
936	1867	0	48	37	92
937	1868	0	34	73	100
937	1869	34	96	0	65
938	1869	0	33	65	99
938	1870	33	100	0	76
939	1870	1	25	77	100
939	1872	63	99	0	31
940	1877	73	100	28	58
941	1848	52	99	30	88
943	1878	30	84	24	79
944	1879	0	21	58	99
945	1881	0	18	63	80
945	1882	19	57	16	58
945	1882	58	79	80	97
946	1889	4	99	0	97
947	1891	21	93	10	75
948	1892	2	50	1	53
948	1893	67	100	0	32
949	1893	0	52	32	85
949	1893	59	74	82	97
949	1894	74	99	3	26
950	1894	0	86	26	97
951	1895	0	15	86	99
951	1896	19	95	0	99
952	1898	75	99	0	24
953	1898	0	80	24	100
956	1903	3	71	10	85
957	1905	28	74	21	66
958	1907	2	51	50	99
959	1909	16	96	0	67
960	1909	0	31	68	99
960	1943	37	99	29	86
961	1945	32	50	28	49
963	1949	3	93	0	81
967	1954	73	98	0	22
969	1963	4	55	21	68
970	1964	38	57	1	23
970	1964	79	100	58	80
971	1964	0	18	80	99
971	1965	18	98	1	82
972	1952	44	59	84	99
972	1953	59	97	0	39
973	1954	16	39	22	51
973	1958	44	99	6	62
974	1958	0	41	62	100
974	1959	41	65	0	20
974	1959	65	89	40	61
975	1959	0	21	77	99
975	1960	21	99	0	77
976	1966	1	17	84	99
976	1967	17	100	0	74
977	1967	0	36	74	98
977	1968	37	69	26	58
978	1969	1	31	45	75
979	1971	0	92	19	100
980	1972	1	75	19	85
981	1978	0	74	27	99
982	1913	63	83	42	57
982	1913	87	100	79	93
983	1919	39	84	43	98
984	1920	2	63	7	95
984	1921	63	95	2	33
985	1923	14	95	2	77
986	1923	0	22	78	100
986	1924	25	100	1	75
986	2011	0	24	1	23
986	2011	76	87	55	66
987	1924	0	28	75	99
987	1925	28	46	0	19
987	1955	50	100	0	52
987	2011	2	39	65	99
988	1955	0	38	52	91
988	1956	40	90	18	80
989	1961	31	86	29	90
990	1980	51	100	0	53
991	1980	3	37	64	100
991	1981	37	99	0	62
992	1981	0	35	62	99
992	1982	35	100	0	65
993	1982	0	30	65	100
993	1983	30	100	0	81
994	1973	10	46	0	34
994	1973	65	79	81	95
995	1975	11	76	1	51
995	1986	76	99	66	91
996	1987	11	95	0	99
997	1992	9	32	77	100
997	1993	40	99	18	87
999	1998	0	42	54	92
1000	1994	30	99	21	96
1000	1999	0	29	44	64
1001	1928	62	99	56	91
1001	1995	4	30	0	23
1001	2052	62	95	70	100
1002	1929	9	93	0	99
1002	2053	11	46	6	49
1002	2053	88	100	63	78
1003	1930	1	62	10	92
1003	1933	61	99	26	66
1003	2053	1	16	81	96
1004	1935	0	56	38	100
1004	1936	56	100	0	71
1005	1988	8	54	38	100
1005	1990	66	99	34	78
1006	1990	0	26	78	100
1006	2023	54	69	5	23
1007	2013	18	55	60	97
1007	2014	55	81	1	30
1007	2014	88	99	73	87
1008	2015	14	53	56	100
1009	2018	0	30	70	100
1009	2019	30	97	0	62
1010	2019	0	39	60	100
1010	2020	39	100	0	60
1011	2021	1	37	64	100
1011	2022	37	99	0	54
1012	2022	0	28	54	77
1012	2023	15	86	8	73
1013	2024	43	66	80	99
1013	2024	5	28	6	37
1015	2000	40	91	11	54
1016	2003	46	96	32	82
1017	1710	3	50	52	99
1017	1941	60	91	2	43
1017	2001	3	32	65	99
1017	2002	32	60	0	29
1018	2012	59	100	34	77
1019	2012	0	22	77	100
1019	2030	37	99	0	65
1020	2031	19	100	0	71
1021	2031	3	22	70	89
1021	2036	33	59	68	95
1021	2037	60	99	29	74
1022	2038	0	35	60	100
1022	2040	43	58	42	69
1022	2041	67	100	20	62
1026	2044	11	37	26	54
1026	2047	64	98	39	77
1027	2049	58	78	32	63
1038	2056	4	24	67	87
1038	2057	56	100	0	45
1038	2058	53	80	30	48
1038	2058	6	24	3	21
1039	2057	0	22	45	70
1039	2060	17	94	13	99
1040	2061	0	100	1	98
1041	2062	2	17	0	18
1041	2063	49	89	0	39
1041	2063	89	99	66	76
1043	2064	5	62	25	80
1044	2067	59	100	0	41
1045	2067	0	46	41	100
1045	2068	46	62	0	12
1045	2068	68	99	55	87
1046	2069	12	68	16	71
1046	2070	69	100	0	29
1047	2070	0	43	32	76
1047	2071	44	87	1	40
1048	2073	52	97	0	42
1049	2073	0	36	56	95
1049	2077	37	99	17	85
1052	2084	10	64	35	99
1052	2085	64	100	0	36
1057	2085	49	71	78	100
1057	2086	65	82	11	28
1058	2087	14	60	0	47
1059	2091	0	31	31	58
1061	2092	31	99	19	90
1063	2094	0	30	40	75
1063	2095	31	76	13	58
1064	2097	47	91	55	97
1066	1938	28	90	0	56
1066	2109	1	45	51	99
1066	2110	45	90	0	45
1067	2112	0	100	11	91
1068	2108	30	95	39	100
1069	2113	13	77	24	98
1070	2114	0	57	39	99
1071	2115	37	89	41	100
1072	2119	27	99	0	66
1076	2121	0	21	59	80
1077	2127	60	100	0	43
1078	2127	0	50	43	100
1078	2128	50	99	0	59
1079	2128	0	40	59	99
1079	2129	40	100	0	61
1080	2130	40	99	0	60
1081	2133	32	100	30	95
1081	2135	66	100	50	83
1084	2137	52	100	12	64
1085	2137	0	34	64	99
1085	2138	34	65	0	31
1086	2141	0	21	51	69
1086	2160	58	99	19	64
1087	2160	3	35	62	99
1087	2161	34	85	1	65
1088	2152	3	78	0	99
1088	2153	78	100	0	22
1089	2154	45	99	27	90
1090	2154	0	10	90	100
1090	2155	10	89	2	91
1091	2156	2	36	32	66
1091	2157	44	69	0	25
1092	2162	0	63	43	99
1092	2163	63	100	0	33
1093	2165	8	57	51	99
1093	2166	57	99	0	42
1093	3629	8	73	51	100
1093	3630	73	99	0	23
1094	2166	0	49	42	95
1094	2167	48	100	0	72
1095	2170	10	35	72	99
1095	2171	35	99	0	61
1096	2171	3	46	60	100
1096	2172	46	100	0	64
1097	2176	17	99	8	100
1099	2192	74	99	27	56
1100	2192	0	42	56	100
1100	2193	42	100	0	60
1101	2193	0	37	60	99
1101	2194	37	100	0	74
1102	2194	0	26	74	100
1102	2195	26	43	0	17
1102	2195	81	99	67	85
1103	2196	10	97	15	99
1104	2197	0	24	2	22
1104	2199	25	35	22	32
1104	2203	36	90	1	59
1105	2204	0	27	52	75
1105	2206	40	99	0	73
1106	2207	15	99	0	96
1108	2210	0	27	19	42
1108	2210	25	43	46	60
1108	2214	44	95	32	71
1109	2214	0	29	71	99
1109	2215	29	70	0	44
1110	2230	50	91	57	97
1111	2231	0	94	7	100
1112	2232	0	13	6	19
1112	2232	22	39	82	99
1112	2233	39	99	0	57
1127	2455	49	99	7	48
1128	2456	23	92	3	99
1129	2457	0	79	7	95
1130	2458	0	43	44	97
1130	2459	42	88	49	99
1131	2461	38	97	8	83
1132	2462	17	97	0	83
1133	2462	0	21	82	99
1133	2465	49	98	42	99
1134	2466	1	99	4	98
1135	2467	0	86	2	100
1136	2468	0	66	31	92
1137	2469	7	60	47	98
1138	2470	0	26	71	100
1138	2471	26	66	0	49
1138	2471	72	84	79	98
1139	2472	0	81	10	89
1141	2480	66	100	33	67
1141	2485	10	56	27	65
1142	2480	0	12	67	79
1142	2484	17	88	5	69
1143	2486	2	53	44	100
1143	2487	53	83	0	26
1144	2488	0	35	49	78
1153	2490	0	44	11	66
1153	2490	52	63	89	100
1154	2491	0	61	37	99
1154	2492	61	99	0	47
1155	2492	0	50	49	99
1155	2493	50	100	0	51
1156	2493	0	51	51	99
1156	2494	51	74	0	23
1156	2494	78	100	54	76
1157	2494	0	15	76	91
1157	2495	10	97	3	99
1158	2496	0	100	3	99
1159	2497	1	98	0	99
1160	2498	0	93	2	98
1162	2500	0	90	5	99
1163	2501	2	84	21	98
1163	2502	82	100	0	19
1164	2502	0	56	19	100
1165	2503	0	45	47	96
1165	2505	52	74	71	94
1165	2506	78	100	18	36
1166	2504	2	37	51	100
1166	2505	37	77	0	41
1167	2506	36	69	69	100
1167	2508	0	35	3	40
1168	2509	28	95	2	73
1169	2509	0	31	73	99
1169	2510	30	100	0	70
1170	2510	1	29	66	96
1170	2511	29	99	0	71
1175	2285	2	36	59	99
1178	2289	39	100	19	99
1179	2290	1	29	0	32
1180	2309	33	96	5	84
1181	2310	31	86	0	63
1182	2311	41	98	14	93
1184	2312	2	74	14	99
1185	2313	0	58	27	96
1186	2321	0	71	24	99
1187	2322	0	79	21	100
1188	2329	25	47	75	100
1188	2330	43	99	27	77
1189	2331	2	67	4	69
1189	2332	67	99	49	95
1189	2422	50	67	74	91
1190	2333	8	100	0	82
1193	2339	9	48	62	100
1200	2241	3	38	40	72
1200	3860	3	35	68	99
1202	2279	0	52	45	99
1203	2283	1	54	0	52
1203	2286	63	99	46	93
1204	2287	6	31	0	24
1204	2296	45	100	39	86
1205	2297	13	54	0	44
1205	2314	54	95	20	63
1206	2316	0	76	13	99
1206	2317	53	83	60	96
1207	2329	12	72	5	66
1208	2334	0	22	81	99
1208	2335	26	39	0	13
1208	2335	59	79	79	100
1208	2336	78	100	0	17
1209	2345	19	99	0	71
1210	2345	0	27	71	99
1210	2346	27	89	0	62
1211	2347	0	87	5	97
1212	2348	0	82	12	100
1213	2349	0	33	44	82
1213	2360	36	99	3	84
1214	2362	7	36	30	55
1214	2364	37	100	11	86
1217	2380	21	32	85	96
1217	2382	38	94	12	60
1218	2383	8	85	26	98
1219	2384	0	65	17	71
1219	2385	57	92	5	45
1220	2385	0	24	46	71
1220	2386	28	95	33	99
1222	2391	2	21	84	99
1222	2392	26	58	0	34
1222	2393	48	100	6	51
1222	4898	0	64	40	93
1223	2393	1	48	57	100
1223	2394	48	100	0	58
1224	2395	29	99	2	68
1225	2395	0	22	68	99
1225	2396	22	61	1	36
1227	2399	0	82	14	100
1228	2402	72	100	1	26
1229	2402	0	63	26	99
1230	2403	1	56	28	82
1231	2404	34	76	56	100
1231	2405	80	99	0	19
1233	2406	41	99	9	59
1233	2419	10	40	58	84
1234	2406	3	40	58	97
1234	2407	41	100	0	65
1235	2408	9	99	1	99
1236	2409	5	99	0	100
1237	2410	4	83	1	95
1239	2415	16	100	0	86
1241	2418	0	62	20	93
1241	2420	80	100	34	53
1242	2420	0	26	53	78
1242	2421	28	77	49	99
1243	2422	0	14	25	38
1243	2423	17	87	18	85
1244	2424	2	49	42	85
1245	2426	25	100	0	77
1246	2426	0	26	77	99
1247	2428	0	41	9	42
1266	655	63	99	36	75
1266	2430	63	99	37	75
1267	656	23	90	0	99
1267	2429	3	92	6	100
1267	2430	0	23	75	99
1268	2430	0	15	8	23
1268	2431	21	86	9	87
1274	2699	17	75	45	100
1275	2687	33	98	0	43
1276	2687	3	54	48	99
1277	2688	0	56	49	99
1277	2689	56	100	0	45
1278	2689	0	50	45	100
1278	2690	50	98	0	51
1279	2690	0	27	50	85
1279	2690	35	50	84	100
1279	2691	50	100	0	56
1280	2691	0	45	56	99
1280	2692	45	99	0	60
1281	2692	4	44	60	100
1281	2693	48	100	0	64
1282	2693	0	38	64	99
1285	2434	27	99	0	73
1290	2436	0	25	74	99
1290	2441	1	11	2	12
1290	2441	60	99	25	62
1291	2441	0	30	62	99
1291	2442	30	100	1	74
1292	2442	0	25	74	100
1292	2443	25	100	0	73
1293	2439	61	99	37	77
1293	2443	0	30	73	99
1294	2439	0	21	77	99
1294	2440	22	72	5	50
1295	2447	34	71	5	38
1296	2450	1	89	12	100
1296	2451	89	100	0	11
1297	2451	0	76	11	99
1297	2452	75	99	2	25
1298	2452	0	53	25	62
1298	2454	54	75	64	83
1300	2516	10	45	69	100
1300	2517	45	100	0	59
1301	2517	0	44	59	99
1302	2519	0	53	31	84
1302	2520	54	80	44	75
1303	2522	2	25	59	81
1303	2526	84	99	0	15
1304	2526	6	97	14	99
1305	2527	0	84	2	98
1306	2528	0	40	6	50
1306	2528	84	99	54	69
1307	2528	0	34	70	99
1307	2529	36	46	1	11
1307	2529	64	99	20	52
1308	2532	37	61	74	99
1308	2533	61	100	0	31
1309	2533	0	62	31	87
1310	2534	0	29	72	100
1310	2535	29	93	0	71
1311	2536	0	24	68	92
1313	1821	0	13	81	94
1314	2531	40	99	0	79
1315	2532	16	52	1	38
1321	2540	9	28	0	22
1321	2541	59	72	0	13
1321	2541	86	99	80	93
1323	2544	11	33	73	99
1323	2545	33	49	0	16
1323	2545	56	76	76	93
1324	2547	0	34	18	57
1324	2549	58	99	0	33
1325	2549	0	54	33	99
1325	2550	54	100	1	51
1326	2550	0	56	51	99
1326	2551	56	96	0	47
1327	2552	58	100	0	40
1328	2552	0	67	40	99
1328	2553	67	98	0	31
1329	2553	0	69	34	100
1329	2554	69	100	0	31
1330	2554	0	66	31	99
1331	2555	8	79	32	99
1332	2556	0	73	13	100
1333	2557	2	91	24	99
1334	2558	0	100	9	96
1335	2559	6	99	0	86
1336	2559	0	13	86	99
1336	2560	13	98	0	79
1337	2561	18	99	0	85
1338	2562	15	100	0	82
1339	2563	16	99	4	87
1340	2564	13	100	1	92
1341	2565	7	98	0	84
1342	2566	10	63	54	99
1342	2567	63	91	0	30
1343	2568	0	65	11	68
1346	2571	7	33	66	93
1346	2572	76	99	0	24
1348	2575	34	85	48	100
1349	2579	1	59	49	100
1349	2580	59	100	0	37
1350	2580	0	30	37	63
1350	2581	34	99	20	79
1351	2582	23	39	0	16
1351	2583	60	95	0	46
1352	2583	0	27	47	74
1352	2584	28	100	13	86
1353	2584	3	18	84	100
1353	2586	38	78	0	37
1354	2587	0	20	16	34
1354	2589	23	71	7	54
1355	2594	57	88	66	91
1355	3684	57	89	68	96
1357	2601	0	44	23	96
1357	2602	45	96	0	70
1358	2602	0	28	70	99
1358	2604	54	97	2	53
1359	2604	0	22	51	82
1359	2605	25	100	2	74
1360	2605	0	30	74	96
1361	2606	0	29	73	99
1361	2607	29	72	0	42
1362	2608	61	83	0	38
1363	2608	11	29	60	86
1363	2609	28	55	77	99
1363	2610	55	71	0	17
1363	2610	81	99	55	69
1364	2611	74	86	30	42
1365	2613	3	90	0	100
1366	2614	0	83	9	99
1366	2615	83	98	0	15
1367	2615	2	73	15	85
1367	2616	77	99	26	46
1369	2618	29	55	0	22
1369	2619	72	100	0	23
1371	2621	77	100	0	23
1372	2621	0	58	23	99
1372	2622	58	74	0	16
1373	2622	3	26	75	99
1373	2623	26	52	0	21
1374	2625	0	58	37	87
1374	2626	55	97	48	90
1375	2627	0	48	10	66
1376	2631	1	58	38	99
1376	2632	58	100	0	49
1377	2632	0	20	49	65
1377	2633	24	90	14	99
1378	2635	31	95	22	83
1378	2933	31	95	5	66
1379	2638	19	69	47	100
1379	2639	69	99	0	30
1380	2639	0	41	27	73
1380	2640	35	77	1	43
1380	2645	78	99	30	50
1381	2645	0	37	50	98
1382	2649	7	77	21	99
1383	2651	0	100	10	98
1384	2652	2	27	0	34
1385	2659	40	99	5	63
1387	2666	24	59	27	67
1388	2668	13	86	26	98
1388	2669	85	100	10	30
1389	2672	53	84	62	100
1389	2673	84	99	0	15
1390	2674	31	71	0	66
1391	2677	2	35	36	73
1391	2682	35	99	8	68
1394	2716	8	81	21	99
1394	2717	81	95	0	14
1395	2717	34	52	81	99
1396	2718	0	20	79	99
1396	2719	20	99	0	80
1397	2720	12	95	1	79
1398	2722	0	56	49	100
1398	2724	71	100	51	83
1400	2727	48	100	19	68
1402	2731	0	77	28	98
1402	2732	77	100	1	26
1403	2732	0	79	26	94
1404	2734	78	99	26	50
1405	2734	0	23	50	74
1405	2736	24	62	64	99
1405	2737	62	98	0	30
1406	2737	1	73	29	100
1406	2738	73	98	0	24
1408	2739	0	69	25	99
1408	2740	69	99	0	31
1409	2740	0	20	31	51
1409	2741	24	100	0	77
1410	2741	0	18	77	98
1410	2742	17	100	1	82
1411	2743	15	43	25	49
1412	2745	9	40	64	99
1412	2746	40	99	0	64
1413	2746	0	26	64	100
1413	2747	26	56	0	30
1413	2747	63	99	62	99
1414	2748	0	81	0	91
1414	2749	70	100	21	51
1415	2750	18	67	2	52
1416	2752	0	23	79	100
1416	2753	23	82	1	68
1417	2754	1	58	21	95
1417	2755	71	100	72	97
1418	2756	2	99	0	89
1419	2757	21	100	22	95
1420	2760	7	98	6	97
1422	2767	2	99	5	90
1423	2768	15	78	4	61
1424	2772	43	99	0	50
1425	2773	19	100	21	92
1426	2774	12	73	39	99
1426	2775	73	97	0	23
1427	2775	1	88	22	100
1427	2776	88	100	0	12
1428	2776	0	88	12	100
1429	2777	0	98	9	99
1430	2778	0	70	4	71
1431	2786	0	89	10	99
1432	2787	0	61	40	90
1433	2788	0	47	49	99
1433	2789	47	68	0	21
1433	2789	80	99	59	74
1434	2789	0	13	74	87
1434	2792	19	57	54	94
1434	2793	58	71	17	31
1434	2794	77	95	2	21
1435	2797	0	41	63	100
1435	2798	41	90	0	45
1436	2800	36	99	0	76
1437	2800	2	25	75	99
1437	2801	25	36	0	11
1437	2801	37	78	46	83
1439	2803	8	72	40	100
1439	2804	72	99	0	25
1440	2804	3	76	24	99
1440	2805	76	96	0	20
1441	2805	0	73	20	95
1441	2806	71	100	3	32
1442	2806	0	44	32	72
1442	2807	43	80	7	47
1443	2810	0	93	2	100
1444	2811	0	50	3	53
1444	2812	59	100	54	92
1445	2813	9	37	0	43
1445	2816	36	85	53	100
1446	2817	2	31	69	99
1446	2818	35	97	8	80
1447	2818	1	21	80	100
1448	2824	76	100	0	19
1449	2824	0	97	19	100
1450	2826	26	75	2	44
1451	2827	0	48	9	55
1453	2833	33	67	44	86
1454	2837	20	64	0	48
1455	2838	0	90	9	100
1456	2839	0	77	10	99
1457	2840	0	50	48	99
1457	2841	50	80	0	26
1458	2843	1	74	34	100
1459	2845	47	99	0	51
1460	2845	3	57	50	100
1460	2846	57	100	0	36
1461	2846	0	49	36	91
1461	2847	47	96	22	100
1463	2879	26	95	11	100
1464	206	39	92	0	46
1464	2880	0	92	0	88
1465	2881	0	60	41	100
1467	2884	81	99	1	19
1468	2884	0	68	19	94
1468	2885	69	100	0	42
1469	2886	34	99	19	91
1470	2890	29	75	54	99
1470	2891	75	100	0	25
1471	2891	0	66	25	99
1471	2892	78	94	84	100
1472	2894	13	56	14	53
1472	2894	59	80	81	99
1473	2895	0	56	23	77
1473	2896	56	100	22	65
1474	2896	0	37	65	99
1474	2897	44	99	36	92
1476	2899	0	93	2	99
1477	2900	0	58	5	66
1477	2903	61	99	19	57
1478	2903	2	44	56	100
1478	2904	44	84	0	53
1479	2907	25	100	0	75
1480	2907	0	27	75	99
1480	2908	26	99	1	82
1481	2909	12	84	0	100
1482	2910	0	52	14	98
1482	2911	54	99	0	55
1483	2911	0	37	55	89
1484	2913	0	33	69	100
1484	2914	33	99	0	63
1485	2914	0	42	65	99
1485	2915	46	67	0	22
1485	2915	80	97	73	100
1486	2916	2	94	1	88
1487	2918	1	67	0	58
1488	2925	50	100	0	49
1489	2925	0	24	49	70
1489	2927	81	99	0	22
1491	2929	0	64	39	100
1492	2931	60	70	0	10
1493	2635	36	97	22	83
1493	2931	0	35	20	66
1493	2933	36	97	5	66
1494	2934	0	22	15	37
1494	2935	43	98	0	66
1496	2944	26	99	13	82
1497	2947	4	67	42	100
1499	2951	4	38	47	100
1499	2952	38	49	0	11
1499	2952	64	76	53	65
1499	2953	77	99	3	26
1501	2956	10	51	3	42
1503	2961	2	34	0	24
1504	2964	0	58	31	98
1505	2965	0	24	72	99
1505	2966	24	69	0	72
1505	2967	75	100	0	27
1506	2967	0	69	27	98
1506	2968	70	99	4	48
1506	2975	0	56	14	59
1507	2968	0	33	50	100
1507	2969	33	100	0	70
1508	2969	0	28	70	99
1508	2970	28	99	0	81
1509	2970	0	19	81	100
1509	2971	19	100	0	86
1510	2971	0	14	86	100
1510	2972	14	99	0	84
1511	2972	0	15	84	99
1511	2973	15	99	0	88
1512	2974	13	78	29	95
1513	2199	54	99	43	77
1513	2978	0	38	58	99
1513	2979	38	99	0	53
1514	2979	0	40	53	99
1514	2980	40	100	0	56
1515	2980	0	43	56	100
1515	2981	43	99	0	63
1516	2981	0	41	63	100
1516	2982	41	100	0	67
1517	2982	0	19	67	83
1517	2983	19	60	29	77
1517	2985	63	99	40	77
1518	2986	0	86	4	100
1519	2987	0	51	14	70
1520	2991	2	64	37	99
1522	2993	0	69	11	99
1522	2994	69	100	0	36
1523	2994	0	63	36	99
1523	2995	63	94	0	31
1524	2995	0	56	41	100
1524	2996	56	75	0	19
1524	3000	77	100	62	87
1525	2996	34	95	43	99
1525	3001	12	38	0	24
1526	2998	7	36	70	100
1527	3001	34	62	70	99
1527	3002	62	99	0	39
1528	3002	0	45	39	100
1528	3003	39	99	2	62
1529	3003	0	24	62	91
1529	3004	23	81	0	77
1530	3009	21	50	0	31
1530	3011	63	97	0	30
1531	3011	0	72	29	100
1531	3012	72	100	0	27
1532	3012	0	31	27	60
1532	3013	46	99	0	55
1533	3013	0	30	55	85
1533	3017	40	96	1	55
1534	3015	43	88	24	71
1534	3016	56	98	0	45
1534	3024	0	15	80	99
1535	3023	26	73	2	52
1535	3023	72	100	67	91
1536	3018	39	99	0	56
1537	3018	0	47	56	100
1537	3019	47	70	0	23
1539	3020	47	100	0	52
1540	3020	0	24	52	77
1541	3026	0	76	6	99
1541	3027	76	100	0	25
1542	3027	0	57	30	100
1542	3028	57	99	0	48
1543	3028	0	35	48	87
1557	3031	38	97	45	100
1558	3032	0	99	2	99
1559	3033	0	83	1	100
1560	3034	0	49	18	72
1560	3034	66	89	73	99
1561	3035	0	81	13	100
1562	3036	0	82	19	100
1562	3037	82	99	0	23
1563	3037	0	78	23	100
1564	3038	0	79	21	99
1564	3039	80	99	2	21
1565	3040	27	46	3	19
1565	3042	62	100	33	91
1566	3043	6	94	4	99
1567	3044	0	73	7	94
1567	3045	75	100	0	25
1568	3045	0	40	25	65
1568	3049	59	99	18	65
1569	3049	0	31	65	100
1569	3050	31	100	0	63
1570	3050	0	33	63	100
1571	3056	0	64	19	88
1572	3057	0	26	65	96
1572	3058	28	99	0	63
1573	3058	0	36	63	98
1574	3061	5	64	48	99
1574	3062	67	92	30	56
1575	3062	3	19	60	77
1575	3064	44	59	3	18
1575	3064	68	96	84	100
1576	3065	0	95	4	94
1576	3066	72	99	20	50
1577	3069	38	81	57	93
1578	3071	14	36	0	22
1578	3071	54	69	88	99
1579	3073	35	99	0	62
1580	3073	0	33	62	95
1580	3074	33	99	1	87
1581	3075	15	36	78	99
1581	3076	36	97	0	48
1582	3076	0	31	54	99
1582	3077	31	99	0	67
1583	3078	4	57	0	46
1583	3080	66	100	67	98
1584	3081	1	57	0	56
1586	3082	22	74	1	57
1588	3086	36	84	18	70
1589	3091	2	64	36	99
1589	3092	64	76	0	13
1590	3093	41	100	0	61
1591	3093	0	37	61	99
1592	3095	0	36	67	100
1592	3096	35	99	2	59
1597	3104	42	99	1	53
1599	3106	9	99	0	76
1600	3107	21	100	0	74
1601	3107	0	26	74	98
1601	3108	27	100	0	69
1602	3108	0	29	69	99
1602	3109	29	48	0	19
1603	3120	2	24	18	35
1603	3120	27	42	66	79
1604	3122	1	99	0	93
1605	3123	6	91	0	73
1612	3152	16	99	24	97
1613	3153	2	91	8	92
1614	3154	0	79	9	99
1615	3155	0	16	26	41
1615	3155	34	63	71	98
1616	3156	0	58	32	100
1616	3157	58	100	0	42
1619	3157	4	21	80	99
1619	3158	21	35	3	17
1620	3178	55	90	22	54
1623	3175	5	55	0	49
1623	3179	53	99	4	55
1625	3136	37	99	12	68
1626	3137	22	84	0	66
1628	3128	14	100	10	99
1629	3134	44	91	32	79
1630	3143	20	89	13	77
1631	3145	40	97	0	53
1632	3145	1	42	52	99
1633	3146	2	44	55	99
1633	3147	49	97	0	52
1634	3147	1	48	51	99
1634	3148	48	100	0	43
1635	3148	0	60	43	100
1635	3149	60	100	0	42
1636	3149	0	57	42	100
1636	3150	57	99	0	51
1637	3150	0	52	51	99
1637	3151	52	100	0	45
1638	3159	22	98	29	97
1639	3176	30	97	20	99
1640	3177	0	86	3	99
1641	3180	9	75	32	99
1641	3181	75	96	0	22
1642	3181	0	85	22	98
1642	3182	79	93	0	14
1643	3182	1	32	67	97
1643	3184	46	100	0	57
1644	3184	0	40	57	100
1644	3185	40	95	0	55
1645	3185	0	58	49	99
1645	3186	58	100	0	42
1646	3186	0	49	42	99
1646	3189	64	99	28	79
1647	3189	6	24	80	99
1647	3190	12	61	2	55
1647	3204	70	93	0	19
1648	3204	0	31	20	59
1650	3208	0	12	6	18
1650	3208	22	69	58	100
1650	3209	70	82	3	15
1652	3215	0	45	7	54
1653	3216	4	44	60	100
1653	3217	44	95	0	92
1656	3219	0	75	5	73
1658	3193	70	99	1	28
1659	3196	0	73	23	97
1660	3198	23	99	0	75
1661	3221	55	86	72	100
1661	3221	8	52	3	49
1662	3224	0	95	14	100
1663	3225	1	50	40	90
1663	3228	82	100	1	20
1664	3228	0	82	20	97
1665	3232	56	100	0	40
1666	3237	22	97	2	75
1666	3240	75	94	63	81
1667	3239	1	80	3	78
1668	3248	20	47	74	98
1668	3250	64	99	1	32
1669	3250	0	64	32	100
1669	3251	64	100	0	44
1670	3251	0	47	44	93
1671	3253	2	72	18	100
1671	3254	72	100	0	25
1672	3254	0	69	25	94
1672	3255	70	99	0	40
1673	3255	0	39	40	77
1673	3257	26	65	56	99
1673	3258	65	81	0	17
1674	3260	2	12	37	47
1674	3260	39	70	56	85
1674	3262	2	24	3	22
1674	3262	80	97	37	55
1675	3264	10	53	0	36
1675	3265	67	100	19	60
1676	3265	0	38	60	100
1680	3274	0	40	59	100
1680	3275	40	73	0	27
1680	3275	73	98	42	67
1681	3275	0	33	66	99
1681	3276	47	94	41	86
1682	3277	0	54	48	99
1682	3278	54	99	0	37
1683	3279	36	100	9	76
1684	3279	0	27	76	99
1684	3280	27	68	0	28
1684	3280	86	100	76	91
1685	3281	9	74	0	65
1685	3284	49	80	0	31
1686	3282	0	42	1	49
1686	3288	59	99	0	43
1687	3288	0	64	43	99
1687	3289	64	98	0	30
1688	3289	2	78	29	100
1689	3290	0	65	27	99
1689	3291	65	99	0	35
1690	3291	0	59	37	100
1690	3292	59	100	0	41
1691	3292	3	41	61	99
1691	3293	41	65	0	24
1693	3293	0	48	26	78
1693	3296	75	98	71	96
1694	3297	7	100	0	84
1695	3298	18	100	0	83
1696	3299	17	99	14	88
1697	3300	8	81	0	100
1698	3301	0	28	71	99
1698	3303	54	89	0	40
1699	3303	0	19	81	99
1699	3304	19	100	0	74
1700	3306	23	85	9	80
1701	3308	0	57	33	100
1701	3309	57	100	2	56
1702	3309	0	45	56	100
1702	3310	45	89	0	47
1703	3311	8	39	0	32
1703	3312	39	99	23	79
1705	3318	21	97	2	80
1706	3318	1	19	81	99
1706	3319	19	99	0	81
1707	3321	47	76	68	99
1707	3322	76	100	0	26
1708	3322	0	72	26	96
1709	3324	9	42	68	100
1709	3325	42	100	0	83
1710	3326	6	96	0	100
1711	3327	0	69	4	99
1711	3332	77	99	47	74
1712	3332	3	28	73	99
1712	3333	28	100	2	73
1713	3333	0	19	73	93
1713	3334	22	83	35	97
1713	3335	86	98	21	33
1714	3336	2	30	71	99
1714	3337	30	78	0	48
1715	3338	0	83	12	100
1715	3339	83	99	0	17
1717	3342	12	43	12	49
1719	3344	0	30	57	100
1719	3345	30	100	6	76
1720	3347	19	60	17	95
1720	3348	60	99	7	51
1721	3348	0	45	51	100
1721	3349	45	99	0	73
1723	3351	58	99	65	99
1724	3352	0	48	0	81
1724	3353	40	90	2	55
1725	3354	10	88	14	100
1725	3355	88	99	0	11
1726	3356	3	60	49	98
1727	3358	0	25	20	40
1727	3360	33	99	8	75
1728	3360	0	20	75	91
1728	3362	58	85	0	28
1731	3364	0	72	37	100
1732	3367	12	43	44	81
1732	3368	43	74	16	47
1733	3371	30	55	0	31
1735	3373	50	62	0	15
1735	3373	80	92	86	99
1736	3374	0	84	7	99
1737	3375	1	83	0	96
1737	3376	84	100	2	18
1738	3378	20	88	11	91
1739	3379	0	19	81	100
1739	3380	19	63	0	49
1739	3380	69	90	78	99
1741	3386	8	98	0	95
1744	3396	8	77	31	100
1744	3397	77	99	0	23
1745	3398	10	79	33	99
1747	3408	29	100	1	61
1748	3408	0	38	61	99
1749	3410	0	39	12	55
1749	3415	57	99	48	87
1750	3416	12	99	0	87
1751	3417	18	96	5	86
1752	3418	11	99	0	85
1753	3419	18	100	0	93
1754	3422	32	92	0	63
1755	3420	0	33	50	100
1755	3421	33	82	0	50
1756	3423	1	26	74	100
1756	3424	26	100	0	95
1757	3425	4	99	0	97
1758	3426	1	64	27	92
1759	3428	25	84	26	95
1760	3430	2	13	0	11
1762	3436	15	82	40	79
1764	3436	28	92	0	70
1766	3438	38	99	0	63
1769	3439	9	82	13	96
1770	3441	38	59	22	43
1777	3444	0	86	4	99
1779	3446	22	88	35	100
1780	3447	0	45	15	58
1780	3447	50	61	88	99
1781	3449	3	32	42	67
1781	3452	51	94	0	45
1782	3452	0	50	46	100
1782	3453	50	99	0	59
1783	3453	0	42	61	99
1783	3454	42	99	0	48
1784	3454	0	50	48	99
1784	3455	50	100	1	49
1785	3456	52	88	0	40
1786	3458	47	100	2	53
1787	3458	0	47	54	100
1787	3459	51	99	0	43
1788	3459	0	56	40	99
1788	3460	56	99	0	39
1789	3460	1	56	41	98
1789	3461	55	100	3	45
1790	3461	0	47	45	99
1790	3462	48	91	2	84
1791	3470	17	40	0	23
1791	3470	49	69	82	99
1791	3472	80	100	13	34
1792	3472	0	50	34	99
1792	3473	50	98	0	49
1793	3475	20	70	11	64
1793	3475	68	88	76	100
1794	3476	0	23	13	36
1794	3480	30	68	0	44
1796	3485	0	100	1	92
1797	3487	38	97	0	50
1798	3487	1	58	49	99
1798	3488	58	100	0	43
1799	3491	64	99	0	43
1800	3491	0	32	43	75
1800	3497	36	100	28	90
1801	3496	6	51	44	86
1801	3498	49	99	39	87
1802	3498	0	13	87	100
1802	3499	13	58	0	47
1805	3500	40	97	3	67
1808	3478	16	76	40	90
1812	3504	28	100	0	69
1814	3506	53	100	13	60
1815	3507	18	89	0	99
1816	3508	0	20	10	33
1816	3508	20	38	82	100
1816	3509	38	94	0	47
1817	3521	25	84	41	98
1818	3522	0	30	16	51
1818	3523	50	97	0	45
1819	3523	0	42	45	99
1819	3524	42	85	0	44
1820	3527	33	88	36	96
1821	3534	40	84	49	95
1822	3540	0	96	17	98
1823	3541	1	100	0	97
1824	3542	2	75	0	100
1824	3543	75	90	0	17
1825	3544	37	100	0	69
1827	3547	0	85	26	100
1828	3548	0	81	24	99
1828	3549	81	97	0	16
1829	3549	1	79	18	100
1830	3550	1	87	17	99
1831	3551	0	88	15	100
1831	3552	88	99	0	11
1832	3552	0	99	11	99
1833	3553	0	100	1	97
1834	3554	6	99	0	99
1835	3555	1	100	0	99
1836	3556	0	87	0	100
1837	3557	1	84	19	99
1838	3558	0	88	16	99
1839	3559	0	79	8	98
1840	3560	5	27	77	99
1840	3561	31	100	0	73
1841	3562	24	42	0	18
1841	3571	51	97	18	64
1842	3571	0	20	62	81
1842	3572	19	92	0	69
1843	3573	11	49	18	54
1843	3575	51	100	26	72
1844	3575	1	28	68	100
1849	4363	42	89	6	54
1852	3586	3	58	43	97
1853	3587	0	22	34	56
1853	3588	28	86	43	97
1854	3591	46	99	11	56
1855	3595	30	51	0	21
1856	3608	17	87	35	99
1857	3609	0	57	39	99
1857	3610	57	100	0	36
1858	3595	2	50	50	100
1858	3596	50	93	0	43
1859	3596	0	56	45	99
1859	3597	56	100	0	46
1860	3597	0	41	46	100
1860	3598	41	100	0	51
1861	3598	0	53	51	99
1861	3599	53	99	0	38
1862	3600	31	82	44	99
1862	3601	82	100	0	18
1863	3601	11	47	53	98
1863	3602	48	99	0	72
1864	3602	0	26	72	100
1865	3604	12	75	0	100
1865	3605	75	99	0	31
1866	3605	0	56	31	100
1866	3606	56	92	2	37
1868	3616	37	53	18	37
1868	3616	60	71	85	97
1869	3617	0	60	41	99
1869	3618	61	100	0	40
1870	3618	0	60	40	100
1870	3619	62	88	0	27
1872	3620	33	92	41	98
1873	3621	0	61	7	100
1874	3625	0	35	42	73
1874	3630	33	73	63	99
1874	3631	64	99	6	36
1875	3631	0	54	36	89
1876	3626	1	57	25	79
1877	2166	52	93	0	43
1877	3629	20	69	51	100
1877	3630	69	95	0	26
1878	3713	35	99	20	90
1879	3714	39	68	57	99
1880	3715	0	51	32	82
1882	3641	9	99	3	91
1883	3642	0	91	5	100
1884	3648	22	82	48	100
1884	3649	82	99	0	16
1885	3649	0	88	16	97
1886	3647	40	87	13	65
1886	3650	1	33	54	86
1887	3646	0	62	33	96
1888	3644	53	99	29	74
1888	3645	0	42	26	70
1889	3643	1	68	24	100
1890	3655	4	85	21	88
1891	3657	13	64	0	55
1891	3657	70	94	56	76
1892	3662	9	82	20	100
1893	3663	0	73	27	100
1893	3664	68	100	0	30
1896	3751	70	96	0	28
1896	3774	16	41	0	28
1897	3751	0	70	28	100
1897	3752	70	85	0	12
1898	3753	1	34	60	100
1899	3764	20	74	32	94
1900	3778	0	45	59	99
1900	3779	45	99	0	52
1901	3779	0	44	54	99
1901	3780	44	100	0	56
1902	3780	0	37	56	98
1903	3781	0	37	61	100
1903	3782	39	69	70	99
1904	3766	53	88	0	35
1905	3722	1	38	53	83
1905	3723	39	98	10	74
1906	3724	23	100	0	77
1907	3724	0	22	77	100
1907	3725	21	43	0	22
1907	3725	61	93	67	97
1908	3726	0	62	6	98
1908	3744	68	78	14	23
1909	3744	0	55	30	88
1910	3746	0	36	33	87
1910	3776	26	54	1	24
1912	3806	0	38	63	99
1912	3807	38	79	0	36
1914	3809	36	79	2	49
1915	3812	0	99	1	99
1916	3813	1	100	0	98
1917	3814	3	99	0	92
1918	3815	3	96	0	92
1919	3816	6	100	0	78
1920	3816	0	22	78	100
1920	3817	22	99	0	79
1921	3818	22	100	0	84
1922	3819	15	97	0	79
1923	3819	0	18	78	94
1923	3820	3	100	0	85
1924	3820	0	14	85	99
1926	3825	1	52	39	86
1926	3826	51	100	1	42
1927	3833	9	44	0	32
1927	3834	47	99	17	69
1928	3834	0	32	69	99
1928	3835	26	67	27	74
1929	3842	10	69	44	100
1929	3843	69	99	0	30
1931	3844	0	60	7	88
1932	3847	21	96	2	100
1933	3846	40	65	48	69
1933	3848	0	40	14	54
2006	5259	35	93	10	70
2256	4545	0	46	4	62
2258	4876	60	99	32	67
2339	4021	42	99	14	85
2340	4022	14	53	0	41
2356	1684	0	57	18	98
2410	3458	4	56	23	100
2410	3459	54	100	13	58
2419	4571	18	53	39	67
2630	4532	73	99	0	29
2638	5237	24	78	2	69
2649	4605	26	60	56	86
2649	4605	6	23	16	32
2697	4058	3	31	70	99
2697	4059	31	100	0	77
2698	4060	21	35	0	15
2709	800	58	74	0	17
2712	2739	0	83	2	78
2748	4635	34	73	0	44
2772	4570	0	29	50	73
3000	4703	0	16	80	96
3030	4667	18	58	57	95
3031	4668	0	42	58	99
3031	4669	42	100	0	84
3032	4671	75	100	14	39
3033	4671	0	43	39	82
3075	3611	1	14	78	91
3163	3690	45	82	21	52
3200	4695	42	80	13	65
3201	4694	21	57	23	63
3355	4057	22	32	0	10
3451	3662	6	90	24	99
3452	3663	1	66	36	100
3600	3100	68	99	57	83
3712	4710	34	99	13	88
3713	4718	60	90	0	37
3737	2566	1	44	56	99
4050	97	20	48	77	100
4075	4749	45	89	57	96
4229	4132	0	81	15	100
4302	4243	81	100	31	51
4303	4243	0	32	51	86
4303	4244	33	78	8	50
4305	4173	34	52	0	17
4328	4709	53	84	38	68
4337	4720	37	100	29	96
4337	4722	30	100	0	82
4338	4725	44	68	0	23
4392	4261	62	97	0	41
4779	4713	87	99	76	88
4780	4714	10	36	0	28
4873	4732	49	92	40	90
5321	4741	0	17	23	40
6600	1712	2	20	44	62
7799	4361	1	45	34	98
11444	1243	70	99	17	43
19933	1505	12	41	0	28
22849	1505	53	99	0	48
27405	4906	0	45	57	98